#4FGLJ1555.7p1111
#Time (MJD)
#Rate (ph/cm^2/s)
54697.6564519931 2.68090896628248e-07 1.77352751163334e-08 15 1.58840280700719e-08 8.5418790E+08
54727.6540699698 2.41740892361796e-07 1.79932602175861e-08 15 1.69657524741532e-08 7.4873555E+08
54757.6523708128 2.35597977088455e-07 1.60118478246312e-08 15 1.52965420563442e-08 9.2106054E+08
54787.6518181054 2.87090721672866e-07 2.03257392456983e-08 15 1.75886268031342e-08 6.9664390E+08
54817.6525848008 2.203087149853e-07 1.55586942056708e-08 15 1.53693380624183e-08 9.1235610E+08
54847.6544789528 1.8918496517411e-07 1.60752939434417e-08 15 1.7126683142454e-08 7.3473069E+08
54877.6569858342 2.07545348328697e-07 1.58021667570243e-08 15 1.60794357216824e-08 8.3355277E+08
54907.6594235329 1.7181957301342e-07 1.60570510159988e-08 15 1.79442268518969e-08 6.6930675E+08
54937.6611502771 1.85153906055046e-07 1.55651018297109e-08 15 1.67633039820373e-08 7.6692954E+08
54967.661737432 1.91712261825905e-07 1.5324648350271e-08 15 1.62223016502727e-08 8.1893562E+08
54997.6610598903 1.65120585254522e-07 1.52327525476163e-08 15 1.73658865474753e-08 7.1462925E+08
55027.659302725 1.90833880371965e-07 1.45720812480169e-08 15.0000000000002 1.54632533206235e-08 9.0130746E+08
55057.6569053952 1.72425050606752e-07 1.57073575857066e-08 15 1.75244682673344e-08 7.0175418E+08
55087.6544649868 1.91236483818221e-07 1.6676494241799e-08 15 1.76699679913179e-08 6.9024486E+08
55117.6526061297 2.1390227213246e-07 1.87965135160335e-08 15 1.8830999688504e-08 6.0775418E+08
55147.6518302596 1.61241378562055e-07 1.6499429435951e-08 15 1.90256712513543e-08 5.9538067E+08
55177.6523691833 1.83697789748194e-07 1.75546584771091e-08 15 1.89711202262707e-08 5.9880960E+08
55207.6540956441 1.89698317684182e-07 1.79647723411828e-08 15 1.91055736405799e-08 5.9041114E+08
55237.656542767 2.11494331448765e-07 1.9031004953369e-08 15 1.91723733132346e-08 5.8630413E+08
55267.6590431234 2.05089973818994e-07 1.86830251444449e-08 15 1.91124729210903e-08 5.8998496E+08
55297.6609333976 2.52697105287394e-07 2.14720035622978e-08 15 1.97938414314561e-08 5.5006566E+08
55327.6617382096 2.38634943216099e-07 1.95169086083774e-08 15 1.85164933142894e-08 6.2857517E+08
55357.6612769616 2.06087521855861e-07 1.81801252496771e-08 15 1.8555315655651e-08 6.2594765E+08
55387.6596828715 2.82613765117202e-07 2.10355102405058e-08 15 1.83440287126554e-08 6.4045005E+08
55417.6573572992 2.48766407099901e-07 1.93370742414478e-08 15 1.79712868512579e-08 6.6729267E+08
55447.6548780093 1.91771910530001e-07 1.67871347181418e-08 15 1.77620955945923e-08 6.8310317E+08
55477.6528755528 2.28514579898312e-07 2.10809938915121e-08 15 2.04292915827359e-08 5.1637843E+08
55507.6518838584 2.13460055871984e-07 1.90542270693576e-08 15 1.91077869485697e-08 5.9027437E+08
55537.6521909506 1.89002621926102e-07 1.79796934918453e-08 15 1.9156218343798e-08 5.8729344E+08
55567.6537344329 1.54378879734221e-07 1.56343534038158e-08 15 1.84254565685785e-08 6.3480186E+08
55597.6561000652 1.89483254285588e-07 1.7707774657917e-08 15 1.88440327663062e-08 6.0691379E+08
55627.6586414595 1.94231319840167e-07 1.7995019965966e-08 15 1.89149001578049e-08 6.0237453E+08
55657.6606797751 1.73107970338777e-07 1.80967298565369e-08 15 2.01373339339322e-08 5.3146022E+08
55687.6616963846 1.41337695328695e-07 1.54670351958879e-08 15 1.90426205282816e-08 5.9432128E+08
55717.6614554523 1.61517387508283e-07 1.66148858519151e-08 15 1.91419065418223e-08 5.8817197E+08
55747.6600371288 2.08772702444718e-07 1.87105073049803e-08 15 1.89722659290967e-08 5.9873728E+08
55777.6578012399 1.56689678124275e-07 1.64706046631511e-08 15 1.92635733751912e-08 5.8076576E+08
55807.6553028556 1.71269783866446e-07 1.73449394954354e-08 15 1.94072808359627e-08 5.7219667E+08
55837.653173128 1.96169158734269e-07 1.87464562858507e-08 15 1.96045273236663e-08 5.6074054E+08
55867.6519743989 2.24066157391503e-07 1.97661205729887e-08 15 1.93477573234852e-08 5.7572282E+08
55897.6520472748 1.8123755966545e-07 1.70870737191653e-08 15 1.85918340665966e-08 6.2349107E+08
55927.6533946251 1.85962833713955e-07 1.6940605303682e-08 15 1.81994283122583e-08 6.5066765E+08
55957.6556582204 1.75942445238134e-07 1.6094700552043e-08 15 1.77759181615289e-08 6.8204122E+08
55987.6582190173 1.64067908433265e-07 1.54683193236733e-08 15 1.76892716983885e-08 6.8873920E+08
56017.6603885662 1.81895680402014e-07 1.70734103195361e-08 15 1.85436883845347e-08 6.2673286E+08
56047.6616094771 2.12726542400589e-07 1.86214399988706e-08 15 1.87073618286377e-08 6.1581408E+08
56077.6615917386 2.05911517178537e-07 1.88361836435766e-08 15 1.92303438471576e-08 5.8277459E+08
56107.6603605144 1.60333753591855e-07 1.69475428312832e-08 15 1.95942470168083e-08 5.6132909E+08
56137.6582311141 2.20172045125185e-07 1.92731968538586e-08 15 1.90319283424423e-08 5.9498925E+08
56167.6557330241 2.13337984885323e-07 1.89679134809922e-08 15 1.90269679772522e-08 5.9529952E+08
56197.6534940135 2.58913274409604e-07 2.45195534028006e-08 15 2.23205812918713e-08 4.3257728E+08
56227.65209857 2.11137726194485e-07 1.91546426366598e-08 15 1.93125827756047e-08 5.7782189E+08
56257.6519373441 1.98303974429919e-07 1.82166456165127e-08 15 1.89508887437163e-08 6.0008883E+08
56287.6530772437 2.01581391018886e-07 1.83634047385559e-08 15 1.89482840772266e-08 6.0025382E+08
56317.6552184208 1.73135586948443e-07 1.57070475061902e-08 15 1.74884214174465e-08 7.0465005E+08
56347.6577774264 2.00186251252373e-07 1.84676406279806e-08 15 1.91211264372149e-08 5.8945107E+08
56377.6600609167 1.93802470593895e-07 1.78031274288013e-08 15 1.87345612771248e-08 6.1402726E+08
56407.6614777139 1.81014322643088e-07 1.72982190902811e-08 15 1.8832044884938e-08 6.0768672E+08
56437.661683181 1.65040442226176e-07 1.60679072916691e-08 15 1.83180656072893e-08 6.4226682E+08
56467.6606490173 1.5561131930854e-07 1.58406047733913e-08 15 1.85939679780797e-08 6.2334797E+08
56497.6586430299 1.64119035816029e-07 1.69725465127084e-08 15 1.93978191088131e-08 5.7275501E+08
56527.6561652602 1.89926958540485e-07 1.80676250180883e-08 15 1.92030039317035e-08 5.8443520E+08
56557.653833956 1.49474134706973e-07 1.59791992152767e-08 15 1.91328224516273e-08 5.8873062E+08
56587.6522548381 1.52985838518162e-07 1.54144338022396e-08 15 1.82492647510949e-08 6.4711872E+08
56617.6518618076 1.97631765799982e-07 1.77836024640389e-08 15 1.85333909225215e-08 6.2742950E+08
56647.6527841204 1.96637479723576e-07 1.38182316243119e-08 15 1.44484907460971e-08 1.0323566E+09
56677.6547861432 1.57242289042776e-07 1.06375718100254e-08 15 1.24394155115481e-08 1.3927551E+09
56707.6573210326 1.89473225400276e-07 1.24261150295498e-08 15 1.32383334810652e-08 1.2297252E+09
56737.6597006088 1.84801612021703e-07 1.12990805900343e-08 15 1.21905369183974e-08 1.4502038E+09
56767.6613018295 2.10179643132241e-07 1.42188279020569e-08 15 1.43817131127832e-08 1.0419658E+09
56797.661730601 1.77714006780562e-07 1.85782455084923e-08 15 2.04034810558707e-08 5.1768570E+08
56827.6609014658 1.93860306016194e-07 2.27672042317557e-08 15 2.39232605568876e-08 3.7655981E+08
56857.6590348942 2.09462709613319e-07 1.39486565592806e-08 15 1.41330694309656e-08 1.0789510E+09
56887.6565961939 1.7774061682289e-07 1.04825538953449e-08 15 1.15327917792686e-08 1.6203387E+09
56917.6541932172 2.13724251202346e-07 1.25611347527419e-08 15 1.26027481227426e-08 1.3568886E+09
56947.6524438326 2.01391917842647e-07 1.09950015412141e-08 15 1.13655049011786e-08 1.6683887E+09
56977.6518231916 2.20307734371411e-07 1.19390760684982e-08 15 1.17998105894902e-08 1.5478349E+09
57007.6525216595 3.1261553362743e-07 2.0371083247569e-08 15 1.68961061353291e-08 7.5492090E+08
57037.6543665913 2.45792930003223e-07 1.91639240723125e-08 15 1.79176098057551e-08 6.7129677E+08
57067.6568567446 2.17303869184354e-07 1.78320711001889e-08 15 1.77287431795177e-08 6.8567578E+08
57097.6593132579 2.71992226930755e-07 1.66612324933488e-08 15 1.48169893652201e-08 9.8164570E+08
57127.661087129 2.08223697368202e-07 1.74429552626012e-08 15 1.77147248701487e-08 6.8676141E+08
57157.6617367375 2.08153467921702e-07 1.86550106239932e-08 15 1.89441084966192e-08 6.0051846E+08
57187.6611202676 2.34222995692864e-07 1.94175972007949e-08 15 1.85941226443841e-08 6.2333760E+08
57217.6594070726 1.98397826172422e-07 1.8622363572677e-08 15 1.93665999889623e-08 5.7460307E+08
57247.6570274486 2.25125492453677e-07 1.94115651981983e-08 15 1.89575760602902e-08 5.9966554E+08
57277.6545715844 2.01153472887725e-07 1.81742250827333e-08 15 1.87736434396071e-08 6.1147341E+08
57307.6526673352 1.73445208383494e-07 1.70485368406219e-08 15 1.89584067617697e-08 5.9961299E+08
57337.6518258112 2.16669289729918e-07 1.92641003138484e-08 15 1.91749470250229e-08 5.8614675E+08
57367.6522952667 1.83940622495533e-07 1.75778642323468e-08 15 1.89836551832906e-08 5.9801907E+08
57397.6539681582 1.76993388032718e-07 1.67615926209532e-08 15 1.84546946351332e-08 6.3279200E+08
57427.6563915559 1.47557497145036e-07 1.42315562528525e-08 15 1.71595587420595e-08 7.3191808E+08
57457.6589045208 1.75610447741415e-07 1.61319676131505e-08 15 1.78336010866377e-08 6.7763622E+08
57487.6608378712 1.55161207165476e-07 1.56336179851305e-08 15 1.83785536761433e-08 6.3804608E+08
57517.6617035752 2.57088186198551e-07 2.11681854532624e-08 15 1.93485113188012e-08 5.7567795E+08
57547.6613052859 2.2282580051709e-07 1.71150726006443e-08 15 1.6807210155163e-08 7.6292781E+08
57577.6597596295 2.15251392250489e-07 1.79687307294641e-08 15 1.79485385422015e-08 6.6898522E+08
57607.6574575903 2.12434682025492e-07 2.15138165254968e-08 15 2.16140935123093e-08 4.6131827E+08
57637.6549690417 2.30759128304383e-07 1.96790754142901e-08 15 1.89835423335575e-08 5.9802618E+08
57667.6529262606 2.16806654487017e-07 1.80358287228249e-08 15 1.79510417214619e-08 6.6879866E+08
57697.6518718954 2.33589454626794e-07 1.45850769930668e-08 15 1.39957896984288e-08 1.1002209E+09
57727.6521088115 3.50344575070792e-07 2.55854597343501e-08 15 2.00403880789803e-08 5.3661456E+08
57757.6535954034 2.45425216579367e-07 2.08541016671977e-08 15 1.95069578145069e-08 5.6636397E+08
57787.6559319984 2.20871306646464e-07 1.91159393620297e-08 15 1.88475369959741e-08 6.0668813E+08
57817.6584799192 2.20629743136404e-07 1.93876853553679e-08 15 1.91248354411098e-08 5.8922246E+08
57847.6605578059 2.0042935331329e-07 1.67900209598799e-08 15 1.73800090125012e-08 7.1346835E+08
57877.6616340102 2.00999275629534e-07 1.86220532356707e-08 15 1.92416215567385e-08 5.8209165E+08
57907.6614572289 2.30875319537611e-07 2.02101292178845e-08 15 1.94890406015573e-08 5.6740582E+08
57937.6600924106 2.43150013971123e-07 1.93745598573303e-08 15 1.82115101154336e-08 6.4980461E+08
57967.6578852903 2.50955293519705e-07 2.03886135758996e-08 15 1.88631292230192e-08 6.0568557E+08
57997.6553841275 1.99645004162974e-07 1.73439270801146e-08 15 1.79862554206093e-08 6.6618246E+08
58027.6532204578 2.16258884350599e-07 1.83758002683628e-08 15 1.83112053238829e-08 6.4274816E+08
58057.6519627255 2.06004046297143e-07 1.88446479368533e-08 15 1.92346640691158e-08 5.8251283E+08
58087.6519665188 2.13714242892648e-07 1.92307604049463e-08 15 1.92727303052943e-08 5.8021402E+08
58117.6532542328 1.68866545899717e-07 1.62115366250363e-08 15 1.82724134955025e-08 6.4548013E+08
58147.6554839822 1.85725338354208e-07 1.99689823035664e-08 15 2.14493090248828e-08 4.6843366E+08
58177.6580459542 2.00660702862122e-07 1.73020757172841e-08 15 1.78978817234739e-08 6.7277747E+08
58207.6602515127 2.17871510943375e-07 3.12828969962862e-08 15 3.09556220867819e-08 2.2490320E+08
58237.6615309111 2.08960213975259e-07 1.7089942252292e-08 15 1.73270060114053e-08 7.1784000E+08
58267.6615784983 2.33614507334627e-07 2.72487274743637e-08 15 2.60838322154429e-08 3.1676115E+08
58297.6604039345 1.82517131773004e-07 1.85795079794717e-08 15 2.01373956958555e-08 5.3145696E+08
58327.658310142 1.92568552429603e-07 1.5442511674588e-08 15 1.63105173718247e-08 8.1010112E+08
58357.655816625 1.80955108204369e-07 1.65532443065115e-08 15 1.80273609370845e-08 6.6314790E+08
58387.653548942 2.13296965653774e-07 1.97614018108829e-08 15 1.98215111541872e-08 5.4853101E+08
58417.652099187 2.67726337425989e-07 3.16612169469552e-08 15 2.83084866936492e-08 2.6893133E+08
58447.651870912 2.38008428978041e-07 1.82275496339212e-08 15 1.73195046645176e-08 7.1846195E+08
58477.6529490039 2.57484629141058e-07 1.80054243179404e-08 15 1.6452658263722e-08 7.9616403E+08
58507.6550523729 2.87888963209077e-07 1.84490760482316e-08 15 1.59461170669525e-08 8.4754899E+08
58537.6576073518 2.55433099781077e-07 1.79499541097287e-08 15 1.64675094507453e-08 7.9472864E+08
58567.6599229223 3.3770402824367e-07 2.27421140243703e-08 15 1.81471879460689e-08 6.5441920E+08
58597.6613959278 3.04325452299397e-07 2.41724959160387e-08 15 2.03099067475598e-08 5.2246698E+08
58627.6616679182 2.3021637262096e-07 2.26287733545499e-08 15 2.18418181603232e-08 4.5174893E+08
58657.660693782 2.25534548099688e-07 2.05454589252927e-08 15 2.00424683863263e-08 5.3650317E+08
58687.6587290243 2.50496505545119e-07 1.89627877270737e-08 15 1.75638275761795e-08 6.9861254E+08
58717.6562621772 2.34428960717086e-07 1.84468803278966e-08 15 1.76597876572277e-08 6.9104090E+08
58747.6539097812 2.05991248147722e-07 1.73783234582254e-08 15 1.77440266738236e-08 6.8449510E+08
58777.6522806704 1.84160363677821e-07 1.78450027150123e-08 15 1.92594351847516e-08 5.8101536E+08
58807.6518222215 2.45538506657551e-07 2.10934213274998e-08 15 1.97254856414559e-08 5.5388461E+08
58837.6526821723 2.17449641740091e-07 1.72719716250853e-08 15 1.71679381303891e-08 7.3120378E+08
58867.6546417467 2.1246794031052e-07 1.74942335152355e-08 15 1.7589488063998e-08 6.9657568E+08
58897.6571674568 2.14885809042225e-07 1.58200541029922e-08 15 1.58217805738353e-08 8.6092237E+08
58927.6595737486 2.32222260625493e-07 1.92517318999571e-08 15 1.85145367373358e-08 6.2870803E+08
58957.6612291855 1.83351564785647e-07 1.89614991705815e-08 15 2.05029209382252e-08 5.1267629E+08
58987.6617249969 2.437974871793e-07 2.06414095798302e-08 15 1.93726016392622e-08 5.7424710E+08
59017.6609592004 3.07715482514585e-07 2.72515332675286e-08 15 2.27618230407032e-08 4.1596867E+08
59047.6609592004 2.50817505921139e-07 1.78926706853936e-08 15 1.65646842852639e-08 7.8543162E+08
59077.6609592004 2.22362624121904e-07 1.9245009701056e-08 15 1.89110589981423e-08 6.0261926E+08
59107.6609592004 2.38930400776613e-07 1.92222804869949e-08 15 1.82266649445163e-08 6.4872448E+08
59137.6609592004 2.62316628804377e-07 1.99147238996468e-08 15 1.80250152345293e-08 6.6332051E+08
59167.6609592004 3.74933765606969e-07 2.65449399051592e-08 15 2.01001654597241e-08 5.3342755E+08
59197.6609592004 2.74380903275945e-07 2.00378771420187e-08 15 1.77351705637737e-08 6.8517888E+08
59227.6609592004 2.77985715505448e-07 1.92056599593306e-08 15 1.68903615502119e-08 7.5543450E+08
59257.6609592004 3.24548885194629e-07 2.01859428198835e-08 15 1.64334040052714e-08 7.9803078E+08
59287.6609592004 2.4558793975341e-07 1.94457443352493e-08 15 1.81878297393964e-08 6.5149779E+08
59317.6609592004 3.25317348029819e-07 2.4987366888658e-08 15 2.03079695898609e-08 5.2256666E+08
59347.6609592004 3.23173131144385e-07 2.39880691691116e-08 15 1.9562271517402e-08 5.6316563E+08
59377.6609592004 2.52113721440558e-07 2.40926702675557e-08 15 2.22248711801043e-08 4.3631104E+08
59407.6609592004 2.53366693466923e-07 1.8806568932608e-08 15 1.7321137981104e-08 7.1832646E+08
59437.6609592004 2.37987675075976e-07 1.90847747692985e-08 15 1.81322745973569e-08 6.5549613E+08
59467.6609592004 2.58118381603181e-07 1.97676428196309e-08 15 1.80363545951252e-08 6.6248672E+08
59497.6609592004 2.53854956258296e-07 1.93281053186392e-08 15 1.77830858608191e-08 6.8149152E+08
59527.6609592004 3.15049557295363e-07 2.43427447120191e-08 15 2.01035219954372e-08 5.3324944E+08
59558.0269870833 2.49975233935156e-07 2.15542473603501e-08 12.9887326388889 1.99764798217366e-08 5.4005350E+08